400
400
400
400
400
400
400
400
387
377
365
354
342
334
654
497
442
419
400
386
377
364
358
357
351
348
347
344
344
682
391
384
378
374
373
371
369
369
368
367
367
366
366
366
584
373
373
373
371
371
371
371
371
371
371
371
371
371
371
496
379
379
378
378
378
377
377
376
376
375
375
375
375
375
496
382
381
381
380
379
379
379
379
379
379
379
379
378
378
463
379
379
378
378
377
377
377
376
376
376
376
376
376
376
395
376
376
376
376
376
376
376
375
375
375
375
375
375
375
423
378
377
377
377
377
376
376
376
376
376
375
375
375
374
546
389
388
387
387
387
387
387
386
386
386
385
385
385
385
539
389
389
389
389
389
389
388
388
388
387
386
386
386
386
540
398
398
397
397
396
396
396
396
395
