3541
3229
2976
2751
2576
2405
2266
4273
4058
4058
3753
3491
3277
3073
2897
5540
5303
5090
4896
4896
4612
4388
4205
8105
7857
7606
7370
7133
6903
6903
6651
12762
12456
12158
11867
11579
11293
11025
10766
20228
19863
19496
19127
18759
18391
18028
17669
29325
28956
28872
28499
28130
27758
27382
27009
37020
36644
36267
35889
35734
35360
34986
34612
39404
39030
38656
38282
37908
37534
37366
36995
39569
39198
38827
38456
38085
37714
37343
36972
39520
39149
38778
38407
38036
37665
37294
36923
39591
39220
38950
38579
38208
37837
37466
37095
39554
39183
38812
38441
38227
37856
37485
37114
39576
39205
38834
38463
38092
37721
37539
37168
39581
39210
38839
38468
38097
37726
37355
36984
39523
39152
38781
38410
38039
37668
37297
36926
39575
39204
38920
38549
38178
37807
37436
37065
39567
39196
38825
38454
38258
37887
37516
37145
39579
39208
38837
38466
38095
37724
37555
37184
39576
39205
38834
38463
38092
37721
37350
36979
39523
39152
38781
38410
38039
37668
37297
36926
39562
39191
38913
38542
38171
37800
37429
37058
39552
39181
38810
38439
38225
37854
37483
37112
39579
39208
38837
38466
38095
37724
37562
37191
39569
39198
38827
38456
38085
37714
37343
36972
39500
39129
38758
38387
38016
37645
37274
36903
39573
39202
38919
38548
38177
37806
37435
37064
39582
39211
38840
38469
38258
37887
